00000000000100000000100010010011
00000000111100000000010110010011
11111111101100000000011000010011
00000000010100000000011010010011
00000000110001011000011100110011
01000000110101011000011110110011
00000000000010000000100000010011
00000000111001111000010001100011
00010000000000000000000011101111
00000000000000000001011100010111
00000000000000000001011110110111
00000010010001111000011110010011
00000000111001111000010001100011
00001110110000000000000011101111
00000000110000000000010100010011
00000000101000000000010110010011
00000000101001011111011000110011
00000000101001011110011010110011
00000000011000000000011100010011
00000000111001101100011110110011
00000000111101100000010001100011
00001100110000000000000011101111
00000000101001010111011000010011
00000000101001010110011010010011
00000000011001101100011110010011
00000000111101100000010001100011
00001011100000000000000011101111
00000000000100000000010100010011
11111111111100000000010110010011
00000000101101010010011000110011
00000000101101010011011010110011
00000000000101100000011000010011
00000000110101100000010001100011
00001001110000000000000011101111
11111111111101010010011000010011
11111111111101010011011010010011
00000000000101100000011000010011
00000000110101100000010001100011
00001000100000000000000011101111
00000000001000000000010110010011
00000000101101010001011000110011
00000000101001100101011000110011
00000000001001010001011010010011
00000000000101101101011010010011
00000000110101100000010001100011
00000110110000000000000011101111
11111111100000000000010100010011
00000000001000000000011100010011
01000000001001010101011000010011
01000000111001010101011010110011
00000000110101100000010001100011
00000101010000000000000011101111
00000100010000000000000011101111
00000001000001111000010001100011
00000100100000000000000011101111
00000000000110000000100000010011
00000001000001111001010001100011
00000011110000000000000011101111
11111111111100000000100000010011
00000000111110000100010001100011
00000011000000000000000011101111
00000001000001111110010001100011
00000010100000000000000011101111
00000000111110000111010001100011
00000010000000000000000011101111
00000000111110000100010001100011
00000001100000000000000011101111
00000000111110000110101001100011
00000001010000000000000011101111
00000100010100000000011110010011
00000100010100000000100000010011
00000000000000001000000011100111
11111111111100000000100010010011
00000000000000000000000000010011
00010000000000010000111110110111
00000000000011111000111110010011
00000000000011111010000000100011
00000000000111111010001000100011
00000000001011111010010000100011
00000000001111111010011000100011
00000000010011111010100000100011
00000000010111111010101000100011
00000000011011111010110000100011
00000000011111111010111000100011
00000010100011111010000000100011
00000010100111111010001000100011
00000010101011111010010000100011
00000010101111111010011000100011
00000010110011111010100000100011
00000010110111111010101000100011
00000010111011111010110000100011
00000010111111111010111000100011
00000101000011111010000000100011
00000101000111111010001000100011
00000101001011111010010000100011
00000101001111111010011000100011
00000101010011111010100000100011
00000101010111111010101000100011
00000101011011111010110000100011
00000101011111111010111000100011
00000111100011111010000000100011
00000111100111111010001000100011
00000111101011111010010000100011
00000111101111111010011000100011
00000111110011111010100000100011
00000111110111111010101000100011
00000111111011111010110000100011
00000111111111111010111000100011
