10000000000000000000000000101011
00100000000001010000000000101011
00100010000000001000000000101011
00010000000001011000000000101011
00010010000000000000000000101011
00110000000001100000000000101011
00110010000000010000000000101011
00001100000000000000000010101011
00011100000000000000000010101011
00101100000100000000000010101011
00101100000000000000000010101011
00101100001000001000000010101011
00101100000100100000000100101011
00111110000100010000000010101011
00111110001000001000010100101011
00111110010000101000100000101011
00111110001100101000110110101011
00000100000100000000010100101011
00000100100100000000010100101011
00000110000100000000010100101011
00000110100100000000010100101011
00000100000100000000100100101011
00000100100100000000100100101011
00000100000101000000010100101011
00000100000101000000100100101011
00000100100101000000100100101011
00000100100110000000100100101011
00000100000110000000100100101011
00000100000110000000110100101011
00000100000111000000110100101011
00010101100100000000100100101011
00010100000100000000100100101011
00010100100100000000100100101011
00010101000100000000100100101011
00010111100100000000100100101011
00010110000100000000100100101011
00010110100100000000100100101011
00010111000100000000100100101011
00010101100101000000110100101011
00010100000101000000110100101011
00010100100101000000110100101011
00010101000101000000110100101011
00100101100100000000100100101011
00100100000100000000100100101011
00000100100000001000000100101011
00000100100000010000010010101011
00000100100000011000100110101011
00000100100000100000110000101011
00010100011000001000000100101011
00010100011000010000010110101011
00010100011000011000100100101011
00010100011101110000110010101011
00100100011100100000000100101011
00100100011100011000010010101011
00100100100100010000100100101011
00100100100100001000110110101011
00000110000000001000000010101011
00000110101001011000010010101011
00000110101101100000100100101011
00000110110000010000110100101011
00010110110101101000000110101011
00010110111011000000010000101011
00010110111000010000100110101011
00010110110100100000110110101011
00100110110001010000000110101011
00100110101101100000010100101011
00100110110001111000100010101011
00100111011001011000110010101011
00110100000001101000000000101011
00110100000001110000010000101011
00110100000001111000100000101011
00110100000011110000110000101011
00110110000011111000000010101011
00110110000011101000010100101011
00110110000010101000100100101011
00110110000000010000110110101011
01000101101011010000000110101011
01000101100110110000010010101011
01000101100010111000100010101011
01000101010110111000110110101011
01010100000111000000000010101011
01010101011111010000010010101011
01010100101001111000100110101011
01010100101110000000110110101011
01100100110010010000000100101011
01100100110110011000010000101011
01100100111000011000100000101011
01100100111101000000110000101011
01000111000000111000000100101011
01000110110001100000010100101011
01000110110010011000100010101011
01000110110010110000110010101011
01010111111010000000000110101011
01010111111110001000010110101011
01010111111110100000100110101011
01010111100111100000110100101011
01100111101000000000000100101011
01100111100000100000010010101011
01100111100000100000100010101011
01100111001100101000110010101011
00011100000000000000000010101011
00101100000100010000000010101011
00111110000100010000000000101011
00111100001000000000000000101011
01001100000100000000000100101011
01011110100000000000000010101011
00000111100101000001100100101011
00000101000101000001100100101011
00010111100110000001100100101011
00010101000110000001100100101011
00100111100110000001100100101011
00100101000110000001100100101011
00110111100110000001100100101011
00110101000110000001100100101011
01000111100110000001100100101011
01000101000110000001100100101011
00110111100110000001100100101011
01010101000110000001100100101011
01100111100110000001100100101011
01100101000110000001100100101011
01110111100110000001100100101011
01110101000110000001100100101011
10000111100110000001100100101011
10000101000110000001100100101011
10010111100110000001100100101011
10010101000110000001100100101011
10100111100110000001100100101011
10100101000110000001100100101011
00001011100101000001010100101011
00001001000101000001010100101011
00001011100101000001010100101011
00001001000110000001010100101011
00001011100111000001110100101011
00001001000111000001110100101011
00011011100101000001010100101011
00011001000101000001010100101011
00011011100110000001100100101011
00011001000110000001100100101011
00011011100111000001110100101011
00011001000111000001110100101011
00101011100101000001010100101011
00101001000101000001010100101011
00101011100110000001100100101011
00101001000110000001100100101011
00101011100111000001110100101011
00101001000111000001110100101011
00111011100101000001110100101011
00111001000101000001010100101011
00111011100110000001100100101011
00111001000110000001100100101011
00111011100111000001110100101011
00111001000111000001110100101011
01001011100101000001010100101011
01001001000101000001010100101011
01001011100110000001100100101011
01001001000110000001100100101011
01001011100111000001110100101011
01001001000111000001110100101011
00000000000000000001010010101011
00000001000000000001010010101011
00000000100000000001010010101011
00000001000001000001000010101011
00000000100001000001000010101011
00000001100001000001000010101011
00000000000001000001100010101011
00000000000001000001100010101011
00000000100001000001100010101011
00000001100001000001100010101011
00000000000010000001000010101011
00000001000010000001000010101011
00000010000010000001000010101011
00000011000010000001000010101011
00000000000010000001010010101011
00000001000010000001010010101011
00000010000010000001010010101011
00000011000010000001010010101011
00000011000010000001100010101011
00000000100010000001100010101011
00010000100010000001100010101011
00000001000010000001110010101011
00000000000011000001100010101011
00000001000011000001100010101011
00010000100000000001010010101011
00010001100010000001010010101011
00010000000000000001010010101011
00010001000000000001010010101011
00010000000010000001100010101011
00010010100010000001100010101011
00010010000010000001100010101011
00010010000001000001000010101011
00010011000001000001000010101011
00010010100001000001000010101011
00010011100001000001000010101011
00100111100110000001100100101011
00100000100110000001100100101011
00110011100110000001100100101011
00110000100110000001100100101011
01000011100110000001100100101011
01000000100110000001100100101011
01010011100110000001100100101011
01010000100110000001100100101011
01100000100000000001000010101011
01100001100000000001000010101011
01100000000000000001000010101011
01100001000000000001000010101011
